p edge 100 4904
e 1 2 53
e 1 3 92
e 1 4 40
e 1 5 25
e 1 6 63
e 1 7 54
e 1 8 6
e 1 9 43
e 1 10 53
e 1 11 74
e 1 12 10
e 1 13 47
e 1 14 93
e 1 15 55
e 1 16 84
e 1 17 74
e 1 18 13
e 1 19 52
e 1 20 1
e 1 21 28
e 1 22 64
e 1 23 1
e 1 24 50
e 1 25 13
e 1 26 12
e 1 27 52
e 1 28 36
e 1 29 43
e 1 30 88
e 1 31 9
e 1 32 20
e 1 33 31
e 1 34 62
e 1 35 14
e 1 36 45
e 1 37 63
e 1 38 46
e 1 39 67
e 1 40 93
e 1 41 62
e 1 42 70
e 1 43 11
e 1 44 43
e 1 45 41
e 1 46 54
e 1 47 50
e 1 48 56
e 1 49 56
e 1 50 72
e 1 51 84
e 1 52 49
e 1 53 83
e 1 54 99
e 1 55 84
e 1 56 1
e 1 57 78
e 1 58 93
e 1 59 39
e 1 60 72
e 1 61 95
e 1 62 13
e 1 63 68
e 1 64 3
e 1 65 43
e 1 66 38
e 1 67 81
e 1 68 49
e 1 69 5
e 1 70 48
e 1 71 14
e 1 72 29
e 1 73 52
e 1 74 45
e 1 75 86
e 1 76 44
e 1 77 79
e 1 78 49
e 1 79 84
e 1 80 62
e 1 81 67
e 1 82 99
e 1 83 88
e 1 84 84
e 1 85 29
e 1 86 15
e 1 87 27
e 1 88 85
e 1 89 97
e 1 90 83
e 1 91 29
e 1 92 96
e 1 93 17
e 1 94 89
e 1 95 65
e 1 96 26
e 1 97 48
e 1 98 92
e 1 99 74
e 1 100 22
e 2 3 13
e 2 4 86
e 2 5 30
e 2 6 92
e 2 7 16
e 2 8 3
e 2 9 33
e 2 10 60
e 2 11 98
e 2 12 20
e 2 13 68
e 2 14 59
e 2 15 5
e 2 16 69
e 2 17 22
e 2 18 31
e 2 19 47
e 2 20 39
e 2 21 82
e 2 22 14
e 2 23 12
e 2 24 94
e 2 25 87
e 2 26 20
e 2 27 42
e 2 28 80
e 2 30 23
e 2 31 52
e 2 32 47
e 2 33 60
e 2 34 77
e 2 35 6
e 2 36 46
e 2 37 15
e 2 38 75
e 2 39 96
e 2 40 2
e 2 41 98
e 2 42 14
e 2 43 91
e 2 44 89
e 2 45 48
e 2 46 41
e 2 47 41
e 2 48 95
e 2 49 18
e 2 50 63
e 2 51 16
e 2 52 53
e 2 53 74
e 2 54 17
e 2 55 58
e 2 56 48
e 2 57 24
e 2 58 9
e 2 59 32
e 2 60 45
e 2 61 21
e 2 62 20
e 2 63 16
e 2 64 44
e 2 65 26
e 2 66 60
e 2 67 12
e 2 68 75
e 2 69 51
e 2 70 42
e 2 71 26
e 2 72 28
e 2 73 87
e 2 74 74
e 2 75 27
e 2 76 49
e 2 77 24
e 2 78 41
e 2 79 11
e 2 80 34
e 2 81 93
e 2 82 23
e 2 83 4
e 2 84 76
e 2 85 23
e 2 86 50
e 2 87 32
e 2 88 67
e 2 89 83
e 2 90 41
e 2 91 82
e 2 92 22
e 2 93 23
e 2 94 86
e 2 95 14
e 2 96 77
e 2 97 41
e 2 98 79
e 2 99 93
e 2 100 30
e 3 4 83
e 3 5 58
e 3 6 63
e 3 7 78
e 3 8 65
e 3 9 53
e 3 10 33
e 3 11 67
e 3 12 45
e 3 13 88
e 3 14 88
e 3 15 82
e 3 16 95
e 3 17 30
e 3 18 13
e 3 19 9
e 3 20 62
e 3 21 59
e 3 22 90
e 3 23 11
e 3 24 30
e 3 25 56
e 3 26 38
e 3 27 13
e 3 28 37
e 3 29 59
e 3 30 59
e 3 31 80
e 3 32 9
e 3 33 96
e 3 34 93
e 3 35 33
e 3 36 70
e 3 37 37
e 3 38 74
e 3 39 26
e 3 40 56
e 3 41 40
e 3 42 93
e 3 43 2
e 3 44 99
e 3 45 5
e 3 46 55
e 3 47 18
e 3 48 76
e 3 49 32
e 3 50 30
e 3 51 89
e 3 52 78
e 3 53 21
e 3 54 34
e 3 55 8
e 3 56 47
e 3 57 53
e 3 58 94
e 3 59 97
e 3 60 47
e 3 61 12
e 3 62 70
e 3 63 26
e 3 64 75
e 3 65 2
e 3 66 13
e 3 68 76
e 3 69 25
e 3 70 35
e 3 71 40
e 3 72 25
e 3 73 16
e 3 74 82
e 3 75 41
e 3 76 19
e 3 77 93
e 3 78 36
e 3 79 82
e 3 80 54
e 3 81 20
e 3 82 97
e 3 83 72
e 3 84 32
e 3 85 52
e 3 86 70
e 3 87 62
e 3 88 88
e 3 89 56
e 3 90 33
e 3 91 99
e 3 92 70
e 3 93 25
e 3 94 13
e 3 95 89
e 3 96 48
e 3 97 53
e 3 98 76
e 3 99 4
e 4 5 16
e 4 6 52
e 4 7 40
e 4 8 93
e 4 9 1
e 4 10 23
e 4 11 23
e 4 12 78
e 4 13 72
e 4 14 64
e 4 15 34
e 4 16 12
e 4 17 13
e 4 18 75
e 4 19 29
e 4 20 88
e 4 21 14
e 4 22 4
e 4 23 69
e 4 24 93
e 4 25 70
e 4 26 94
e 4 27 50
e 4 28 36
e 4 29 67
e 4 30 83
e 4 31 57
e 4 32 39
e 4 33 80
e 4 34 55
e 4 35 89
e 4 36 56
e 4 37 11
e 4 38 77
e 4 39 2
e 4 40 60
e 4 41 19
e 4 42 22
e 4 43 21
e 4 44 30
e 4 45 17
e 4 46 13
e 4 47 33
e 4 48 80
e 4 49 13
e 4 50 10
e 4 51 92
e 4 52 83
e 4 53 31
e 4 54 77
e 4 55 62
e 4 56 73
e 4 57 5
e 4 58 46
e 4 59 23
e 4 60 38
e 4 61 46
e 4 62 36
e 4 63 65
e 4 65 98
e 4 66 56
e 4 67 73
e 4 68 31
e 4 69 90
e 4 70 76
e 4 71 98
e 4 72 70
e 4 73 13
e 4 74 48
e 4 75 28
e 4 76 5
e 4 77 20
e 4 78 68
e 4 79 43
e 4 80 29
e 4 81 7
e 4 82 25
e 4 83 46
e 4 85 80
e 4 86 84
e 4 87 71
e 4 88 43
e 4 89 53
e 4 90 25
e 4 91 17
e 4 92 15
e 4 93 17
e 4 94 91
e 4 95 18
e 4 96 40
e 4 97 16
e 4 98 4
e 4 99 51
e 4 100 14
e 5 6 98
e 5 7 50
e 5 8 91
e 5 9 64
e 5 10 67
e 5 11 53
e 5 12 63
e 5 13 11
e 5 14 32
e 5 15 52
e 5 16 51
e 5 17 82
e 5 18 92
e 5 19 36
e 5 20 92
e 5 21 14
e 5 22 91
e 5 23 12
e 5 24 87
e 5 25 9
e 5 26 97
e 5 27 38
e 5 28 10
e 5 29 60
e 5 30 30
e 5 31 17
e 5 32 58
e 5 33 95
e 5 34 41
e 5 35 23
e 5 36 38
e 5 37 66
e 5 38 33
e 5 39 17
e 5 40 68
e 5 41 43
e 5 42 1
e 5 43 81
e 5 44 35
e 5 45 10
e 5 46 95
e 5 47 18
e 5 48 83
e 5 49 46
e 5 50 6
e 5 51 41
e 5 53 47
e 5 54 51
e 5 55 23
e 5 56 59
e 5 57 48
e 5 58 91
e 5 59 74
e 5 60 13
e 5 61 65
e 5 62 61
e 5 63 81
e 5 64 12
e 5 65 82
e 5 66 49
e 5 67 4
e 5 68 63
e 5 69 69
e 5 70 76
e 5 71 16
e 5 72 42
e 5 73 60
e 5 74 25
e 5 75 84
e 5 76 63
e 5 77 18
e 5 78 95
e 5 79 93
e 5 80 25
e 5 81 33
e 5 82 43
e 5 83 72
e 5 84 43
e 5 85 70
e 5 86 28
e 5 87 42
e 5 88 3
e 5 89 79
e 5 90 19
e 5 91 47
e 5 92 55
e 5 93 7
e 5 94 82
e 5 95 28
e 5 96 52
e 5 97 32
e 5 98 40
e 5 99 61
e 5 100 91
e 6 7 53
e 6 8 72
e 6 9 63
e 6 10 7
e 6 11 55
e 6 12 44
e 6 13 14
e 6 14 92
e 6 15 86
e 6 16 82
e 6 17 23
e 6 18 64
e 6 19 28
e 6 20 30
e 6 21 6
e 6 22 23
e 6 23 38
e 6 24 63
e 6 25 66
e 6 26 27
e 6 27 98
e 6 28 55
e 6 29 41
e 6 30 66
e 6 31 27
e 6 32 25
e 6 33 40
e 6 34 83
e 6 35 63
e 6 36 58
e 6 37 63
e 6 38 52
e 6 39 28
e 6 40 45
e 6 41 56
e 6 42 62
e 6 43 23
e 6 44 94
e 6 45 47
e 6 46 3
e 6 47 88
e 6 48 72
e 6 49 99
e 6 50 24
e 6 51 83
e 6 52 96
e 6 53 86
e 6 54 35
e 6 55 71
e 6 56 45
e 6 57 9
e 6 58 54
e 6 59 93
e 6 61 98
e 6 62 76
e 6 63 42
e 6 64 79
e 6 65 28
e 6 66 91
e 6 67 25
e 6 68 79
e 6 69 60
e 6 70 74
e 6 71 41
e 6 72 19
e 6 73 44
e 6 74 51
e 6 75 52
e 6 76 21
e 6 77 34
e 6 78 13
e 6 79 53
e 6 80 51
e 6 81 76
e 6 82 39
e 6 83 58
e 6 84 87
e 6 85 41
e 6 86 32
e 6 87 74
e 6 88 77
e 6 89 86
e 6 90 21
e 6 91 63
e 6 92 26
e 6 93 35
e 6 94 67
e 6 95 59
e 6 96 46
e 6 97 37
e 6 98 54
e 6 99 81
e 6 100 21
e 7 8 96
e 7 9 19
e 7 10 12
e 7 11 93
e 7 12 52
e 7 13 69
e 7 14 57
e 7 15 97
e 7 16 4
e 7 17 35
e 7 18 32
e 7 19 17
e 7 20 14
e 7 21 77
e 7 22 63
e 7 23 14
e 7 24 43
e 7 25 41
e 7 26 25
e 7 27 86
e 7 28 72
e 7 29 88
e 7 30 9
e 7 31 16
e 7 32 37
e 7 33 18
e 7 34 85
e 7 35 50
e 7 36 71
e 7 37 23
e 7 38 68
e 7 39 40
e 7 40 86
e 7 41 6
e 7 42 9
e 7 43 28
e 7 44 77
e 7 45 40
e 7 46 60
e 7 47 43
e 7 48 14
e 7 49 65
e 7 50 28
e 7 51 7
e 7 52 99
e 7 53 62
e 7 54 5
e 7 55 73
e 7 56 13
e 7 57 95
e 7 58 78
e 7 59 22
e 7 60 1
e 7 61 40
e 7 62 46
e 7 63 78
e 7 64 60
e 7 65 36
e 7 66 26
e 7 67 27
e 7 68 87
e 7 69 44
e 7 70 21
e 7 71 78
e 7 72 25
e 7 73 36
e 7 74 61
e 7 76 24
e 7 77 87
e 7 78 31
e 7 79 56
e 7 80 65
e 7 81 10
e 7 82 54
e 7 83 8
e 7 84 75
e 7 85 73
e 7 86 36
e 7 87 84
e 7 88 42
e 7 89 84
e 7 90 92
e 7 91 26
e 7 92 71
e 7 93 18
e 7 94 33
e 7 95 3
e 7 96 47
e 7 97 58
e 7 98 97
e 7 99 48
e 7 100 39
e 8 9 23
e 8 10 57
e 8 11 94
e 8 12 23
e 8 13 91
e 8 14 48
e 8 15 38
e 8 16 20
e 8 17 15
e 8 18 10
e 8 19 80
e 8 20 83
e 8 21 74
e 8 22 97
e 8 23 70
e 8 24 5
e 8 25 13
e 8 26 32
e 8 27 25
e 8 28 26
e 8 29 50
e 8 30 97
e 8 31 27
e 8 32 92
e 8 33 12
e 8 34 59
e 8 35 13
e 8 36 84
e 8 38 23
e 8 39 17
e 8 40 91
e 8 41 44
e 8 42 60
e 8 43 84
e 8 44 71
e 8 45 78
e 8 46 16
e 8 47 92
e 8 48 34
e 8 49 27
e 8 50 38
e 8 51 58
e 8 52 48
e 8 53 66
e 8 54 81
e 8 55 19
e 8 56 5
e 8 57 5
e 8 58 84
e 8 59 23
e 8 60 92
e 8 61 84
e 8 62 69
e 8 63 57
e 8 64 39
e 8 65 48
e 8 66 57
e 8 68 9
e 8 69 51
e 8 70 39
e 8 71 8
e 8 72 97
e 8 73 52
e 8 74 6
e 8 75 38
e 8 76 89
e 8 77 95
e 8 78 8
e 8 79 4
e 8 80 86
e 8 81 69
e 8 82 13
e 8 83 5
e 8 84 48
e 8 85 54
e 8 86 27
e 8 87 17
e 8 88 3
e 8 89 26
e 8 90 66
e 8 91 95
e 8 92 35
e 8 93 55
e 8 94 36
e 8 95 39
e 8 96 93
e 8 97 28
e 8 98 8
e 8 99 68
e 8 100 94
e 9 10 88
e 9 11 89
e 9 12 25
e 9 13 6
e 9 14 66
e 9 15 1
e 9 16 71
e 9 17 55
e 9 18 54
e 9 19 59
e 9 20 91
e 9 21 17
e 9 22 62
e 9 23 25
e 9 24 75
e 9 25 49
e 9 26 7
e 9 27 96
e 9 28 71
e 9 29 43
e 9 30 39
e 9 31 29
e 9 32 37
e 9 33 68
e 9 34 14
e 9 35 36
e 9 36 57
e 9 37 19
e 9 38 57
e 9 39 91
e 9 40 8
e 9 41 20
e 9 42 25
e 9 43 89
e 9 44 95
e 9 45 20
e 9 46 65
e 9 47 61
e 9 48 26
e 9 49 94
e 9 51 12
e 9 52 4
e 9 53 43
e 9 54 79
e 9 55 58
e 9 56 77
e 9 57 37
e 9 58 22
e 9 59 64
e 9 60 75
e 9 61 49
e 9 62 31
e 9 63 45
e 9 64 64
e 9 65 21
e 9 66 35
e 9 67 64
e 9 68 68
e 9 69 32
e 9 70 56
e 9 71 37
e 9 72 1
e 9 73 98
e 9 74 9
e 9 75 38
e 9 76 36
e 9 77 14
e 9 78 12
e 9 79 39
e 9 80 73
e 9 81 48
e 9 82 40
e 9 83 20
e 9 84 72
e 9 85 61
e 9 86 45
e 9 87 42
e 9 88 86
e 9 89 57
e 9 90 74
e 9 91 49
e 9 92 10
e 9 93 67
e 9 94 85
e 9 95 51
e 9 96 23
e 9 97 55
e 9 98 18
e 9 99 7
e 9 100 12
e 10 11 56
e 10 12 49
e 10 13 77
e 10 14 9
e 10 15 90
e 10 16 33
e 10 17 41
e 10 18 28
e 10 19 64
e 10 20 65
e 10 21 57
e 10 22 47
e 10 23 35
e 10 24 86
e 10 25 77
e 10 26 30
e 10 27 65
e 10 28 60
e 10 29 19
e 10 30 82
e 10 31 85
e 10 32 81
e 10 33 23
e 10 34 75
e 10 35 15
e 10 36 24
e 10 37 32
e 10 38 91
e 10 39 4
e 10 40 32
e 10 41 63
e 10 42 46
e 10 43 98
e 10 44 38
e 10 45 56
e 10 46 24
e 10 47 37
e 10 48 39
e 10 49 44
e 10 50 74
e 10 51 18
e 10 52 59
e 10 53 27
e 10 54 90
e 10 55 39
e 10 56 86
e 10 57 61
e 10 58 25
e 10 59 48
e 10 60 82
e 10 61 58
e 10 62 77
e 10 63 79
e 10 64 69
e 10 65 55
e 10 66 14
e 10 67 53
e 10 68 50
e 10 69 47
e 10 70 95
e 10 71 1
e 10 72 52
e 10 73 59
e 10 74 49
e 10 75 21
e 10 76 16
e 10 77 71
e 10 78 26
e 10 79 81
e 10 80 21
e 10 81 52
e 10 82 50
e 10 83 97
e 10 84 8
e 10 85 13
e 10 86 40
e 10 87 93
e 10 88 79
e 10 89 24
e 10 90 56
e 10 91 58
e 10 92 4
e 10 93 27
e 10 94 27
e 10 95 24
e 10 96 6
e 10 97 56
e 10 98 92
e 10 99 97
e 10 100 89
e 11 12 65
e 11 13 56
e 11 14 90
e 11 15 42
e 11 16 85
e 11 17 57
e 11 18 48
e 11 19 95
e 11 20 36
e 11 21 60
e 11 22 83
e 11 23 71
e 11 24 83
e 11 25 99
e 11 26 25
e 11 28 82
e 11 29 67
e 11 30 63
e 11 31 55
e 11 32 31
e 11 33 70
e 11 34 33
e 11 35 42
e 11 36 60
e 11 37 67
e 11 38 79
e 11 39 90
e 11 40 46
e 11 41 70
e 11 42 11
e 11 43 54
e 11 44 27
e 11 45 69
e 11 46 29
e 11 47 89
e 11 48 2
e 11 49 5
e 11 50 42
e 11 51 17
e 11 52 45
e 11 53 22
e 11 54 94
e 11 55 95
e 11 56 1
e 11 57 73
e 11 58 72
e 11 59 8
e 11 60 39
e 11 61 44
e 11 62 15
e 11 63 72
e 11 64 69
e 11 65 47
e 11 66 27
e 11 67 65
e 11 68 47
e 11 69 71
e 11 70 56
e 11 71 75
e 11 72 53
e 11 73 70
e 11 74 47
e 11 75 47
e 11 76 13
e 11 77 15
e 11 78 48
e 11 79 82
e 11 80 42
e 11 81 99
e 11 82 79
e 11 83 50
e 11 84 8
e 11 85 59
e 11 86 55
e 11 87 13
e 11 88 81
e 11 89 85
e 11 90 55
e 11 91 20
e 11 92 28
e 11 93 65
e 11 94 81
e 11 95 19
e 11 96 47
e 11 97 8
e 11 98 94
e 11 99 41
e 11 100 41
e 12 13 4
e 12 14 95
e 12 15 91
e 12 16 34
e 12 17 38
e 12 18 68
e 12 19 74
e 12 20 22
e 12 21 58
e 12 22 53
e 12 23 11
e 12 24 86
e 12 25 41
e 12 26 98
e 12 27 48
e 12 28 79
e 12 29 56
e 12 30 63
e 12 31 38
e 12 32 40
e 12 33 70
e 12 34 21
e 12 35 56
e 12 36 77
e 12 37 52
e 12 38 80
e 12 39 57
e 12 40 59
e 12 41 46
e 12 42 47
e 12 43 98
e 12 44 82
e 12 45 52
e 12 46 68
e 12 47 63
e 12 48 53
e 12 49 19
e 12 50 58
e 12 51 65
e 12 52 80
e 12 53 10
e 12 54 37
e 12 55 49
e 12 56 85
e 12 57 67
e 12 58 3
e 12 59 13
e 12 60 40
e 12 61 30
e 12 62 67
e 12 63 91
e 12 64 36
e 12 65 66
e 12 66 49
e 12 67 31
e 12 68 10
e 12 69 50
e 12 70 97
e 12 71 82
e 12 72 47
e 12 73 79
e 12 74 58
e 12 75 66
e 12 76 55
e 12 77 27
e 12 78 31
e 12 79 67
e 12 80 49
e 12 81 2
e 12 82 89
e 12 83 17
e 12 84 85
e 12 85 80
e 12 86 41
e 12 87 11
e 12 88 50
e 12 89 81
e 12 90 73
e 12 91 72
e 12 92 88
e 12 93 3
e 12 94 22
e 12 95 39
e 12 96 21
e 12 97 63
e 12 98 67
e 12 99 73
e 12 100 77
e 13 14 11
e 13 15 10
e 13 16 31
e 13 17 3
e 13 18 72
e 13 19 40
e 13 20 70
e 13 21 1
e 13 22 17
e 13 23 32
e 13 24 65
e 13 25 35
e 13 26 86
e 13 27 32
e 13 28 17
e 13 29 86
e 13 30 40
e 13 31 79
e 13 32 74
e 13 33 82
e 13 34 42
e 13 35 83
e 13 36 90
e 13 37 23
e 13 38 98
e 13 39 11
e 13 40 90
e 13 41 3
e 13 42 90
e 13 43 38
e 13 44 15
e 13 45 95
e 13 46 38
e 13 47 82
e 13 48 3
e 13 49 11
e 13 50 27
e 13 51 15
e 13 52 82
e 13 53 61
e 13 54 62
e 13 55 82
e 13 56 57
e 13 57 73
e 13 58 12
e 13 59 68
e 13 60 21
e 13 61 19
e 13 62 46
e 13 63 50
e 13 64 78
e 13 65 48
e 13 66 75
e 13 67 6
e 13 68 28
e 13 69 80
e 13 70 43
e 13 71 9
e 13 72 97
e 13 73 77
e 13 74 71
e 13 75 41
e 13 76 74
e 13 77 66
e 13 78 2
e 13 79 70
e 13 80 89
e 13 81 3
e 13 82 53
e 13 83 17
e 13 84 73
e 13 85 43
e 13 86 77
e 13 87 18
e 13 88 24
e 13 89 81
e 13 90 67
e 13 91 3
e 13 92 87
e 13 93 10
e 13 94 34
e 13 95 54
e 13 96 9
e 13 97 8
e 13 98 81
e 13 99 78
e 13 100 66
e 14 15 35
e 14 16 56
e 14 17 83
e 14 18 52
e 14 19 19
e 14 20 1
e 14 21 74
e 14 22 76
e 14 23 58
e 14 24 26
e 14 25 61
e 14 26 37
e 14 27 71
e 14 28 18
e 14 29 62
e 14 30 11
e 14 31 11
e 14 32 4
e 14 33 82
e 14 34 96
e 14 35 84
e 14 36 52
e 14 37 58
e 14 38 24
e 14 39 96
e 14 40 19
e 14 41 74
e 14 42 97
e 14 43 31
e 14 44 26
e 14 45 81
e 14 46 49
e 14 47 39
e 14 48 77
e 14 49 70
e 14 50 82
e 14 51 57
e 14 52 69
e 14 53 6
e 14 54 10
e 14 55 28
e 14 56 57
e 14 57 9
e 14 58 93
e 14 59 79
e 14 60 94
e 14 61 75
e 14 62 2
e 14 63 57
e 14 64 91
e 14 65 5
e 14 66 27
e 14 67 68
e 14 68 15
e 14 69 35
e 14 70 50
e 14 71 27
e 14 72 74
e 14 73 79
e 14 74 2
e 14 75 49
e 14 76 48
e 14 77 59
e 14 78 79
e 14 79 35
e 14 80 6
e 14 81 4
e 14 82 30
e 14 83 80
e 14 84 83
e 14 85 70
e 14 86 58
e 14 87 59
e 14 88 59
e 14 89 20
e 14 90 72
e 14 91 33
e 14 92 19
e 14 93 62
e 14 94 98
e 14 95 45
e 14 96 20
e 14 97 44
e 14 98 29
e 14 99 3
e 14 100 67
e 15 16 77
e 15 17 33
e 15 18 54
e 15 19 42
e 15 20 25
e 15 21 95
e 15 22 2
e 15 23 6
e 15 24 19
e 15 25 20
e 15 27 38
e 15 28 20
e 15 29 7
e 15 30 49
e 15 31 49
e 15 32 38
e 15 33 8
e 15 34 29
e 15 35 60
e 15 36 15
e 15 37 73
e 15 38 8
e 15 39 97
e 15 40 7
e 15 41 34
e 15 42 21
e 15 43 94
e 15 44 63
e 15 45 29
e 15 46 77
e 15 47 27
e 15 48 36
e 15 49 12
e 15 50 49
e 15 51 68
e 15 53 77
e 15 54 19
e 15 55 75
e 15 56 28
e 15 57 5
e 15 58 25
e 15 59 11
e 15 60 10
e 15 61 62
e 15 62 41
e 15 63 78
e 15 64 60
e 15 65 48
e 15 66 17
e 15 67 3
e 15 68 97
e 15 69 24
e 15 70 97
e 15 71 21
e 15 72 54
e 15 73 48
e 15 74 60
e 15 75 29
e 15 76 18
e 15 77 84
e 15 78 31
e 15 79 50
e 15 80 10
e 15 81 96
e 15 83 50
e 15 84 39
e 15 85 75
e 15 86 10
e 15 87 62
e 15 88 7
e 15 89 42
e 15 90 89
e 15 91 94
e 15 92 4
e 15 93 58
e 15 94 96
e 15 95 62
e 15 96 64
e 15 97 73
e 15 98 57
e 15 99 39
e 15 100 64
e 16 17 23
e 16 18 46
e 16 19 85
e 16 20 24
e 16 21 21
e 16 22 49
e 16 23 93
e 16 24 63
e 16 25 38
e 16 26 81
e 16 27 97
e 16 28 22
e 16 29 33
e 16 30 89
e 16 31 45
e 16 32 72
e 16 33 15
e 16 34 60
e 16 35 61
e 16 36 64
e 16 37 8
e 16 38 49
e 16 39 77
e 16 40 20
e 16 41 72
e 16 42 28
e 16 43 7
e 16 44 33
e 16 45 57
e 16 46 81
e 16 47 79
e 16 48 73
e 16 49 3
e 16 50 17
e 16 51 94
e 16 52 46
e 16 53 11
e 16 54 4
e 16 55 77
e 16 56 22
e 16 57 52
e 16 58 76
e 16 59 3
e 16 60 67
e 16 61 6
e 16 62 7
e 16 63 90
e 16 64 53
e 16 65 30
e 16 66 37
e 16 67 3
e 16 68 62
e 16 69 24
e 16 70 9
e 16 71 89
e 16 72 4
e 16 73 35
e 16 74 53
e 16 75 59
e 16 76 78
e 16 77 19
e 16 78 71
e 16 79 17
e 16 80 77
e 16 81 88
e 16 82 11
e 16 83 97
e 16 84 26
e 16 85 91
e 16 86 42
e 16 87 52
e 16 88 15
e 16 89 84
e 16 90 70
e 16 91 36
e 16 92 61
e 16 93 8
e 16 94 51
e 16 95 45
e 16 96 95
e 16 97 39
e 16 98 9
e 16 99 10
e 16 100 73
e 17 18 79
e 17 19 86
e 17 20 84
e 17 21 97
e 17 22 45
e 17 23 44
e 17 24 73
e 17 25 83
e 17 26 16
e 17 27 19
e 17 28 95
e 17 29 14
e 17 30 56
e 17 31 50
e 17 32 16
e 17 33 90
e 17 34 5
e 17 35 24
e 17 36 43
e 17 37 13
e 17 38 65
e 17 39 73
e 17 40 96
e 17 41 63
e 17 42 99
e 17 43 97
e 17 44 95
e 17 45 3
e 17 46 35
e 17 47 73
e 17 48 18
e 17 49 31
e 17 50 36
e 17 51 96
e 17 52 39
e 17 53 16
e 17 54 33
e 17 55 2
e 17 56 18
e 17 57 29
e 17 58 66
e 17 59 51
e 17 60 58
e 17 61 40
e 17 62 77
e 17 63 65
e 17 64 36
e 17 65 15
e 17 66 48
e 17 67 32
e 17 68 21
e 17 69 88
e 17 70 90
e 17 71 58
e 17 72 40
e 17 73 11
e 17 74 30
e 17 75 48
e 17 76 43
e 17 77 30
e 17 78 33
e 17 80 6
e 17 81 23
e 17 82 46
e 17 83 28
e 17 84 91
e 17 85 66
e 17 86 72
e 17 87 83
e 17 88 70
e 17 89 22
e 17 90 58
e 17 91 65
e 17 92 49
e 17 93 58
e 17 94 14
e 17 95 8
e 17 96 68
e 17 97 73
e 17 98 52
e 17 99 58
e 17 100 67
e 18 19 98
e 18 20 65
e 18 21 10
e 18 22 88
e 18 23 28
e 18 24 57
e 18 25 18
e 18 26 95
e 18 27 35
e 18 28 7
e 18 29 66
e 18 30 51
e 18 31 62
e 18 32 62
e 18 33 47
e 18 34 64
e 18 35 61
e 18 36 35
e 18 37 85
e 18 38 89
e 18 39 78
e 18 40 55
e 18 41 55
e 18 42 75
e 18 43 26
e 18 44 39
e 18 45 65
e 18 46 40
e 18 47 56
e 18 48 61
e 18 49 90
e 18 50 98
e 18 51 40
e 18 53 36
e 18 54 30
e 18 55 24
e 18 56 92
e 18 57 27
e 18 58 3
e 18 59 9
e 18 60 44
e 18 61 27
e 18 62 37
e 18 63 53
e 18 64 50
e 18 65 94
e 18 66 56
e 18 67 34
e 18 69 23
e 18 70 45
e 18 71 68
e 18 72 74
e 18 73 37
e 18 74 70
e 18 75 92
e 18 76 47
e 18 77 12
e 18 78 58
e 18 79 55
e 18 80 98
e 18 81 99
e 18 82 38
e 18 83 54
e 18 84 90
e 18 85 17
e 18 86 66
e 18 87 61
e 18 88 14
e 18 89 62
e 18 90 9
e 18 91 71
e 18 92 39
e 18 93 88
e 18 94 50
e 18 95 27
e 18 96 37
e 18 97 44
e 18 98 20
e 18 99 3
e 18 100 38
e 19 20 86
e 19 21 53
e 19 22 52
e 19 23 5
e 19 24 49
e 19 25 80
e 19 26 85
e 19 27 34
e 19 28 91
e 19 29 9
e 19 30 20
e 19 31 8
e 19 32 97
e 19 33 99
e 19 34 11
e 19 35 17
e 19 36 25
e 19 37 58
e 19 38 99
e 19 39 83
e 19 40 95
e 19 41 82
e 19 42 91
e 19 43 40
e 19 44 82
e 19 45 46
e 19 46 56
e 19 47 99
e 19 48 45
e 19 49 84
e 19 50 30
e 19 51 17
e 19 52 38
e 19 53 72
e 19 54 10
e 19 55 58
e 19 56 74
e 19 57 68
e 19 58 99
e 19 59 37
e 19 60 56
e 19 62 27
e 19 63 6
e 19 64 40
e 19 65 67
e 19 66 17
e 19 67 64
e 19 68 90
e 19 69 64
e 19 70 11
e 19 71 18
e 19 72 4
e 19 73 40
e 19 74 1
e 19 75 45
e 19 76 6
e 19 77 68
e 19 78 96
e 19 79 63
e 19 80 18
e 19 81 85
e 19 82 31
e 19 83 30
e 19 84 96
e 19 85 5
e 19 86 40
e 19 87 20
e 19 88 19
e 19 89 65
e 19 90 59
e 19 91 86
e 19 92 22
e 19 93 45
e 19 94 43
e 19 95 52
e 19 96 54
e 19 97 49
e 19 98 41
e 19 99 21
e 19 100 41
e 20 21 68
e 20 22 71
e 20 23 84
e 20 24 18
e 20 25 85
e 20 26 36
e 20 27 78
e 20 28 79
e 20 29 50
e 20 30 17
e 20 31 61
e 20 32 46
e 20 33 70
e 20 34 45
e 20 35 50
e 20 36 19
e 20 37 1
e 20 38 40
e 20 39 80
e 20 40 11
e 20 41 36
e 20 42 19
e 20 43 6
e 20 44 87
e 20 45 73
e 20 46 37
e 20 47 82
e 20 48 31
e 20 49 87
e 20 50 65
e 20 51 19
e 20 52 50
e 20 53 93
e 20 54 4
e 20 55 22
e 20 56 56
e 20 57 70
e 20 58 18
e 20 59 29
e 20 60 22
e 20 61 10
e 20 62 13
e 20 63 94
e 20 64 41
e 20 65 49
e 20 66 7
e 20 67 43
e 20 68 34
e 20 69 95
e 20 70 52
e 20 71 6
e 20 72 15
e 20 73 55
e 20 74 58
e 20 75 31
e 20 76 9
e 20 77 3
e 20 78 51
e 20 79 36
e 20 80 99
e 20 81 54
e 20 82 21
e 20 83 41
e 20 84 15
e 20 85 87
e 20 86 48
e 20 87 67
e 20 88 29
e 20 89 2
e 20 90 63
e 20 91 58
e 20 92 25
e 20 93 58
e 20 94 85
e 20 95 2
e 20 96 1
e 20 97 45
e 20 98 7
e 20 99 16
e 20 100 79
e 21 22 36
e 21 23 77
e 21 24 12
e 21 25 52
e 21 26 52
e 21 27 54
e 21 28 84
e 21 29 27
e 21 30 2
e 21 31 27
e 21 32 56
e 21 33 29
e 21 34 81
e 21 35 23
e 21 36 14
e 21 37 95
e 21 38 99
e 21 39 96
e 21 40 5
e 21 41 61
e 21 42 10
e 21 43 86
e 21 44 31
e 21 45 50
e 21 46 43
e 21 47 3
e 21 48 74
e 21 49 33
e 21 50 7
e 21 51 34
e 21 52 83
e 21 53 56
e 21 54 3
e 21 55 73
e 21 56 15
e 21 57 78
e 21 58 78
e 21 59 38
e 21 60 33
e 21 61 53
e 21 62 60
e 21 63 84
e 21 64 18
e 21 65 47
e 21 66 13
e 21 67 96
e 21 68 19
e 21 69 80
e 21 70 89
e 21 71 13
e 21 72 2
e 21 73 72
e 21 74 51
e 21 75 98
e 21 76 2
e 21 77 78
e 21 78 29
e 21 79 20
e 21 80 35
e 21 81 76
e 21 82 70
e 21 83 58
e 21 84 44
e 21 85 67
e 21 86 45
e 21 87 1
e 21 88 40
e 21 89 94
e 21 90 13
e 21 91 67
e 21 92 82
e 21 93 62
e 21 94 33
e 21 95 13
e 21 96 93
e 21 97 80
e 21 98 47
e 21 99 8
e 21 100 90
e 22 23 42
e 22 25 86
e 22 26 13
e 22 27 70
e 22 28 97
e 22 29 33
e 22 30 68
e 22 31 57
e 22 32 96
e 22 33 21
e 22 34 4
e 22 35 79
e 22 36 1
e 22 37 37
e 22 38 13
e 22 39 88
e 22 40 14
e 22 41 81
e 22 42 48
e 22 43 31
e 22 44 67
e 22 45 13
e 22 46 27
e 22 47 76
e 22 48 40
e 22 49 55
e 22 50 4
e 22 51 31
e 22 52 62
e 22 53 96
e 22 54 45
e 22 55 1
e 22 56 55
e 22 57 18
e 22 58 52
e 22 59 68
e 22 60 3
e 22 61 37
e 22 62 98
e 22 63 10
e 22 64 67
e 22 65 78
e 22 66 9
e 22 67 87
e 22 68 58
e 22 69 96
e 22 70 38
e 22 71 89
e 22 72 15
e 22 73 18
e 22 74 57
e 22 75 97
e 22 76 59
e 22 77 62
e 22 78 93
e 22 79 40
e 22 80 9
e 22 81 83
e 22 82 23
e 22 83 76
e 22 84 15
e 22 85 15
e 22 86 26
e 22 87 43
e 22 88 65
e 22 89 19
e 22 90 52
e 22 91 73
e 22 92 94
e 22 93 48
e 22 94 50
e 22 95 86
e 22 96 74
e 22 97 93
e 22 98 64
e 22 99 71
e 22 100 92
e 23 24 3
e 23 25 50
e 23 26 27
e 23 27 52
e 23 28 60
e 23 29 26
e 23 30 14
e 23 31 97
e 23 32 61
e 23 33 51
e 23 34 55
e 23 35 39
e 23 36 71
e 23 37 38
e 23 38 12
e 23 39 73
e 23 40 4
e 23 41 77
e 23 42 75
e 23 43 56
e 23 44 42
e 23 45 18
e 23 46 58
e 23 48 2
e 23 49 81
e 23 50 8
e 23 51 26
e 23 52 27
e 23 53 93
e 23 54 27
e 23 55 40
e 23 56 95
e 23 57 40
e 23 58 2
e 23 59 1
e 23 60 45
e 23 61 14
e 23 62 33
e 23 63 13
e 23 64 14
e 23 65 47
e 23 66 8
e 23 67 95
e 23 68 45
e 23 69 12
e 23 70 67
e 23 71 94
e 23 72 30
e 23 73 94
e 23 74 13
e 23 75 37
e 23 76 90
e 23 77 34
e 23 78 14
e 23 79 7
e 23 80 48
e 23 81 88
e 23 82 97
e 23 83 55
e 23 84 5
e 23 85 76
e 23 86 39
e 23 87 42
e 23 88 43
e 23 89 28
e 23 90 61
e 23 91 6
e 23 92 71
e 23 93 98
e 23 94 85
e 23 95 74
e 23 96 13
e 23 97 91
e 23 98 36
e 23 99 77
e 23 100 9
e 24 25 99
e 24 26 92
e 24 27 43
e 24 28 44
e 24 29 17
e 24 30 72
e 24 31 81
e 24 32 18
e 24 33 60
e 24 34 1
e 24 35 90
e 24 36 17
e 24 37 69
e 24 38 96
e 24 39 24
e 24 40 21
e 24 41 55
e 24 42 1
e 24 43 36
e 24 44 34
e 24 45 24
e 24 46 88
e 24 47 24
e 24 48 20
e 24 49 38
e 24 50 37
e 24 51 12
e 24 52 2
e 24 53 27
e 24 54 40
e 24 55 47
e 24 56 8
e 24 57 16
e 24 58 62
e 24 59 96
e 24 60 67
e 24 61 78
e 24 62 50
e 24 63 95
e 24 64 96
e 24 65 25
e 24 66 52
e 24 67 12
e 24 68 64
e 24 69 27
e 24 70 42
e 24 71 15
e 24 72 59
e 24 73 46
e 24 74 95
e 24 75 65
e 24 76 62
e 24 77 15
e 24 78 18
e 24 79 3
e 24 80 73
e 24 81 52
e 24 82 15
e 24 83 29
e 24 84 31
e 24 85 13
e 24 86 82
e 24 87 81
e 24 88 82
e 24 90 41
e 24 91 9
e 24 92 66
e 24 93 94
e 24 94 66
e 24 95 5
e 24 96 70
e 24 97 36
e 24 98 42
e 24 99 45
e 24 100 91
e 25 26 18
e 25 27 48
e 25 28 58
e 25 29 14
e 25 30 23
e 25 31 27
e 25 32 48
e 25 33 83
e 25 34 14
e 25 35 78
e 25 36 65
e 25 37 61
e 25 38 16
e 25 39 95
e 25 40 88
e 25 41 70
e 25 42 59
e 25 43 76
e 25 44 20
e 25 45 44
e 25 46 17
e 25 47 2
e 25 48 83
e 25 49 82
e 25 50 96
e 25 51 23
e 25 52 10
e 25 53 88
e 25 54 68
e 25 55 10
e 25 56 74
e 25 57 51
e 25 58 30
e 25 59 32
e 25 60 63
e 25 61 86
e 25 62 94
e 25 63 77
e 25 64 2
e 25 65 26
e 25 66 49
e 25 67 47
e 25 68 60
e 25 69 3
e 25 70 23
e 25 71 54
e 25 72 68
e 25 73 65
e 25 74 44
e 25 75 29
e 25 76 68
e 25 77 66
e 25 78 96
e 25 79 6
e 25 80 14
e 25 81 57
e 25 82 98
e 25 83 40
e 25 84 90
e 25 85 36
e 25 86 29
e 25 87 56
e 25 88 62
e 25 89 41
e 25 90 75
e 25 91 64
e 25 92 64
e 25 93 13
e 25 94 72
e 25 95 27
e 25 96 9
e 25 97 24
e 25 98 56
e 25 99 38
e 25 100 89
e 26 27 43
e 26 28 82
e 26 29 10
e 26 30 92
e 26 31 24
e 26 32 13
e 26 33 79
e 26 34 43
e 26 35 60
e 26 36 95
e 26 37 42
e 26 38 54
e 26 39 22
e 26 40 9
e 26 41 34
e 26 42 4
e 26 43 91
e 26 44 14
e 26 45 12
e 26 46 14
e 26 47 4
e 26 48 67
e 26 49 1
e 26 50 72
e 26 51 15
e 26 52 36
e 26 53 20
e 26 54 54
e 26 55 10
e 26 56 25
e 26 57 38
e 26 58 61
e 26 59 40
e 26 60 36
e 26 61 24
e 26 62 88
e 26 63 50
e 26 64 11
e 26 65 80
e 26 66 20
e 26 67 94
e 26 68 30
e 26 69 6
e 26 70 88
e 26 71 81
e 26 72 74
e 26 73 74
e 26 74 30
e 26 75 60
e 26 76 5
e 26 77 47
e 26 78 79
e 26 79 36
e 26 80 39
e 26 81 73
e 26 82 51
e 26 83 99
e 26 84 77
e 26 85 5
e 26 86 66
e 26 87 16
e 26 88 59
e 26 89 48
e 26 90 32
e 26 91 20
e 26 92 96
e 26 93 14
e 26 94 68
e 26 95 64
e 26 96 59
e 26 97 83
e 26 98 75
e 26 99 52
e 26 100 64
e 27 28 77
e 27 29 32
e 27 30 97
e 27 31 43
e 27 32 2
e 27 34 63
e 27 35 75
e 27 36 83
e 27 37 7
e 27 38 68
e 27 39 86
e 27 40 18
e 27 41 50
e 27 42 10
e 27 43 56
e 27 44 6
e 27 45 94
e 27 46 66
e 27 47 86
e 27 48 47
e 27 49 69
e 27 50 9
e 27 51 98
e 27 52 2
e 27 53 66
e 27 54 46
e 27 55 24
e 27 56 64
e 27 57 41
e 27 58 21
e 27 59 24
e 27 60 58
e 27 61 50
e 27 62 13
e 27 63 48
e 27 64 37
e 27 65 5
e 27 66 65
e 27 67 54
e 27 68 66
e 27 69 20
e 27 71 54
e 27 72 97
e 27 73 78
e 27 74 50
e 27 75 39
e 27 76 67
e 27 77 38
e 27 78 15
e 27 79 79
e 27 80 95
e 27 81 81
e 27 82 58
e 27 83 48
e 27 84 77
e 27 85 7
e 27 86 61
e 27 87 31
e 27 88 65
e 27 89 22
e 27 90 60
e 27 91 96
e 27 92 9
e 27 93 52
e 27 94 40
e 27 95 30
e 27 96 39
e 27 97 58
e 27 98 94
e 27 99 17
e 27 100 59
e 28 29 50
e 28 30 39
e 28 31 12
e 28 32 30
e 28 33 66
e 28 34 10
e 28 35 55
e 28 36 50
e 28 37 7
e 28 38 86
e 28 39 92
e 28 40 23
e 28 41 50
e 28 42 34
e 28 43 44
e 28 44 94
e 28 45 61
e 28 46 78
e 28 47 2
e 28 48 64
e 28 49 54
e 28 50 82
e 28 51 47
e 28 52 77
e 28 53 26
e 28 54 60
e 28 55 93
e 28 56 63
e 28 57 46
e 28 58 69
e 28 59 56
e 28 60 60
e 28 61 81
e 28 62 8
e 28 63 41
e 28 65 26
e 28 66 95
e 28 67 89
e 28 68 72
e 28 69 19
e 28 70 85
e 28 71 75
e 28 72 72
e 28 73 60
e 28 74 88
e 28 75 6
e 28 76 57
e 28 78 22
e 28 79 76
e 28 80 76
e 28 81 55
e 28 82 14
e 28 83 34
e 28 84 33
e 28 85 33
e 28 86 54
e 28 87 44
e 28 88 37
e 28 89 97
e 28 90 69
e 28 91 72
e 28 92 66
e 28 93 2
e 28 94 89
e 28 95 39
e 28 96 8
e 28 97 92
e 28 98 88
e 28 99 4
e 28 100 21
e 29 30 99
e 29 31 44
e 29 32 58
e 29 33 58
e 29 34 95
e 29 35 70
e 29 36 78
e 29 37 36
e 29 38 46
e 29 39 57
e 29 40 92
e 29 41 76
e 29 42 93
e 29 43 50
e 29 44 72
e 29 45 86
e 29 46 9
e 29 47 18
e 29 48 63
e 29 49 16
e 29 50 37
e 29 51 83
e 29 52 21
e 29 53 68
e 29 54 56
e 29 55 92
e 29 56 38
e 29 57 51
e 29 58 73
e 29 59 1
e 29 60 95
e 29 61 67
e 29 62 74
e 29 63 94
e 29 64 98
e 29 65 2
e 29 66 49
e 29 67 38
e 29 68 69
e 29 69 35
e 29 70 69
e 29 71 38
e 29 72 79
e 29 73 13
e 29 74 91
e 29 75 15
e 29 76 47
e 29 77 64
e 29 78 11
e 29 79 8
e 29 80 1
e 29 81 29
e 29 82 98
e 29 83 75
e 29 84 14
e 29 85 96
e 29 86 26
e 29 87 17
e 29 88 71
e 29 89 20
e 29 90 91
e 29 91 66
e 29 92 58
e 29 93 29
e 29 94 18
e 29 95 83
e 29 96 45
e 29 97 35
e 29 98 79
e 29 99 67
e 29 100 68
e 30 31 5
e 30 32 47
e 30 33 2
e 30 34 5
e 30 35 60
e 30 36 38
e 30 37 27
e 30 38 46
e 30 39 60
e 30 40 6
e 30 41 17
e 30 42 85
e 30 43 29
e 30 44 80
e 30 45 53
e 30 46 43
e 30 47 18
e 30 48 52
e 30 49 67
e 30 50 10
e 30 51 10
e 30 52 84
e 30 53 3
e 30 54 53
e 30 55 14
e 30 56 77
e 30 57 63
e 30 58 24
e 30 59 27
e 30 60 12
e 30 61 77
e 30 62 98
e 30 63 90
e 30 64 4
e 30 65 30
e 30 66 82
e 30 67 5
e 30 68 93
e 30 69 11
e 30 70 55
e 30 71 96
e 30 72 12
e 30 73 27
e 30 74 4
e 30 75 5
e 30 76 95
e 30 77 2
e 30 78 41
e 30 79 20
e 30 80 44
e 30 81 40
e 30 82 74
e 30 83 13
e 30 84 45
e 30 85 83
e 30 86 86
e 30 87 77
e 30 88 87
e 30 89 11
e 30 90 19
e 30 91 16
e 30 92 31
e 30 93 90
e 30 94 38
e 30 95 73
e 30 96 91
e 30 97 88
e 30 98 63
e 30 99 63
e 30 100 83
e 31 32 13
e 31 33 43
e 31 34 36
e 31 35 64
e 31 36 69
e 31 37 33
e 31 38 8
e 31 39 57
e 31 40 64
e 31 41 57
e 31 42 61
e 31 43 87
e 31 44 27
e 31 45 50
e 31 46 58
e 31 47 19
e 31 48 1
e 31 49 55
e 31 50 92
e 31 51 98
e 31 52 8
e 31 53 17
e 31 54 32
e 31 55 43
e 31 56 53
e 31 57 87
e 31 58 70
e 31 59 37
e 31 60 80
e 31 61 1
e 31 62 58
e 31 63 82
e 31 64 34
e 31 65 9
e 31 66 28
e 31 67 29
e 31 68 90
e 31 69 25
e 31 70 54
e 31 72 65
e 31 73 86
e 31 74 92
e 31 75 40
e 31 76 58
e 31 77 10
e 31 78 23
e 31 79 75
e 31 80 1
e 31 81 76
e 31 82 55
e 31 83 76
e 31 84 23
e 31 85 26
e 31 86 55
e 31 87 45
e 31 88 44
e 31 89 89
e 31 90 77
e 31 91 23
e 31 92 89
e 31 93 23
e 31 94 62
e 31 95 12
e 31 96 99
e 31 97 13
e 31 98 16
e 31 99 71
e 31 100 32
e 32 33 56
e 32 34 55
e 32 35 31
e 32 36 84
e 32 37 58
e 32 38 24
e 32 39 56
e 32 40 88
e 32 41 27
e 32 42 95
e 32 43 45
e 32 44 70
e 32 45 98
e 32 46 18
e 32 47 88
e 32 48 84
e 32 49 82
e 32 50 74
e 32 51 4
e 32 52 31
e 32 53 66
e 32 54 52
e 32 55 61
e 32 56 38
e 32 57 98
e 32 58 88
e 32 59 79
e 32 60 18
e 32 61 59
e 32 62 67
e 32 63 85
e 32 64 54
e 32 65 94
e 32 66 95
e 32 67 30
e 32 68 89
e 32 69 15
e 32 70 64
e 32 71 75
e 32 72 16
e 32 73 32
e 32 74 46
e 32 75 55
e 32 76 68
e 32 77 25
e 32 78 32
e 32 79 64
e 32 80 35
e 32 81 21
e 32 82 93
e 32 83 74
e 32 84 79
e 32 85 85
e 32 86 20
e 32 87 4
e 32 88 77
e 32 89 11
e 32 90 46
e 32 91 31
e 32 93 12
e 32 94 85
e 32 95 87
e 32 96 34
e 32 97 20
e 32 98 33
e 32 99 11
e 32 100 79
e 33 34 30
e 33 35 84
e 33 36 46
e 33 37 75
e 33 38 83
e 33 39 7
e 33 40 22
e 33 41 3
e 33 42 82
e 33 43 93
e 33 44 40
e 33 45 4
e 33 46 7
e 33 47 91
e 33 48 68
e 33 49 59
e 33 50 1
e 33 51 7
e 33 52 3
e 33 53 50
e 33 54 25
e 33 55 40
e 33 56 85
e 33 57 74
e 33 58 12
e 33 59 3
e 33 60 83
e 33 61 28
e 33 62 12
e 33 63 90
e 33 64 16
e 33 65 87
e 33 66 33
e 33 67 95
e 33 68 94
e 33 69 1
e 33 70 54
e 33 71 54
e 33 72 21
e 33 73 91
e 33 74 40
e 33 75 64
e 33 76 32
e 33 77 4
e 33 79 19
e 33 80 61
e 33 81 75
e 33 82 91
e 33 83 10
e 33 84 69
e 33 85 95
e 33 86 72
e 33 87 3
e 33 88 3
e 33 89 30
e 33 90 40
e 33 91 35
e 33 92 86
e 33 93 30
e 33 94 22
e 33 95 51
e 33 96 66
e 33 97 44
e 33 98 78
e 33 99 60
e 33 100 77
e 34 35 90
e 34 36 66
e 34 37 82
e 34 38 45
e 34 39 92
e 34 40 5
e 34 41 4
e 34 42 45
e 34 43 87
e 34 44 4
e 34 45 10
e 34 46 62
e 34 47 90
e 34 48 68
e 34 49 82
e 34 50 91
e 34 51 72
e 34 52 20
e 34 53 2
e 34 54 17
e 34 55 30
e 34 56 82
e 34 57 35
e 34 58 34
e 34 59 1
e 34 60 58
e 34 61 96
e 34 62 80
e 34 63 56
e 34 64 35
e 34 65 94
e 34 66 74
e 34 67 32
e 34 68 2
e 34 69 77
e 34 70 44
e 34 71 85
e 34 72 53
e 34 73 20
e 34 74 30
e 34 75 2
e 34 76 89
e 34 77 56
e 34 78 38
e 34 79 1
e 34 80 41
e 34 81 52
e 34 82 9
e 34 83 45
e 34 84 14
e 34 85 13
e 34 86 40
e 34 87 86
e 34 88 23
e 34 89 91
e 34 90 14
e 34 91 72
e 34 93 77
e 34 94 6
e 34 95 29
e 34 96 50
e 34 97 51
e 34 98 51
e 34 99 61
e 34 100 39
e 35 36 55
e 35 37 7
e 35 38 38
e 35 39 39
e 35 40 19
e 35 41 46
e 35 42 8
e 35 43 78
e 35 44 68
e 35 45 63
e 35 46 90
e 35 47 59
e 35 48 25
e 35 49 81
e 35 50 46
e 35 51 43
e 35 52 39
e 35 53 92
e 35 54 58
e 35 55 31
e 35 56 22
e 35 57 97
e 35 58 33
e 35 59 8
e 35 60 79
e 35 61 62
e 35 62 12
e 35 63 1
e 35 64 94
e 35 65 2
e 35 66 38
e 35 67 34
e 35 68 80
e 35 69 81
e 35 70 71
e 35 71 53
e 35 72 27
e 35 73 14
e 35 74 35
e 35 75 60
e 35 76 33
e 35 77 31
e 35 78 24
e 35 79 82
e 35 80 5
e 35 81 85
e 35 82 6
e 35 83 55
e 35 84 50
e 35 85 12
e 35 86 18
e 35 87 10
e 35 88 63
e 35 89 67
e 35 90 28
e 35 91 80
e 35 92 22
e 35 93 74
e 35 94 93
e 35 95 76
e 35 96 58
e 35 97 10
e 35 98 88
e 35 99 22
e 35 100 25
e 36 37 19
e 36 38 26
e 36 39 65
e 36 40 26
e 36 41 6
e 36 42 58
e 36 43 28
e 36 44 79
e 36 45 23
e 36 46 72
e 36 47 18
e 36 48 61
e 36 49 59
e 36 50 68
e 36 51 34
e 36 52 46
e 36 53 79
e 36 54 96
e 36 55 7
e 36 56 53
e 36 57 54
e 36 58 40
e 36 59 28
e 36 60 20
e 36 61 39
e 36 62 59
e 36 63 37
e 36 64 55
e 36 65 55
e 36 66 85
e 36 67 53
e 36 68 64
e 36 69 78
e 36 70 15
e 36 71 51
e 36 72 54
e 36 73 31
e 36 74 55
e 36 75 72
e 36 76 67
e 36 77 79
e 36 78 78
e 36 79 99
e 36 80 49
e 36 81 66
e 36 82 41
e 36 83 99
e 36 84 9
e 36 85 30
e 36 86 28
e 36 87 24
e 36 88 26
e 36 89 95
e 36 90 19
e 36 91 37
e 36 92 10
e 36 93 2
e 36 94 48
e 36 95 84
e 36 96 30
e 36 97 41
e 36 98 81
e 36 99 90
e 36 100 59
e 37 38 49
e 37 39 99
e 37 40 68
e 37 41 85
e 37 42 96
e 37 43 91
e 37 44 76
e 37 45 13
e 37 46 25
e 37 47 29
e 37 48 2
e 37 49 94
e 37 50 84
e 37 51 79
e 37 52 99
e 37 53 65
e 37 54 53
e 37 55 37
e 37 56 99
e 37 57 45
e 37 58 16
e 37 59 33
e 37 60 25
e 37 61 23
e 37 62 10
e 37 63 43
e 37 64 9
e 37 65 8
e 37 66 76
e 37 67 74
e 37 68 72
e 37 69 14
e 37 70 21
e 37 71 70
e 37 72 98
e 37 73 98
e 37 74 32
e 37 75 29
e 37 76 16
e 37 77 46
e 37 78 8
e 37 79 8
e 37 80 65
e 37 81 52
e 37 82 95
e 37 83 30
e 37 84 37
e 37 85 41
e 37 86 49
e 37 87 4
e 37 88 3
e 37 89 50
e 37 90 99
e 37 91 77
e 37 92 30
e 37 93 44
e 37 94 17
e 37 95 73
e 37 96 33
e 37 97 28
e 37 98 63
e 37 99 80
e 37 100 15
e 38 39 5
e 38 40 25
e 38 41 9
e 38 42 12
e 38 43 61
e 38 44 4
e 38 45 75
e 38 46 92
e 38 47 1
e 38 48 92
e 38 49 65
e 38 50 87
e 38 51 25
e 38 52 28
e 38 53 11
e 38 54 41
e 38 55 43
e 38 56 60
e 38 57 28
e 38 58 58
e 38 59 59
e 38 60 79
e 38 61 20
e 38 62 55
e 38 63 79
e 38 64 18
e 38 65 20
e 38 66 4
e 38 67 78
e 38 68 55
e 38 69 63
e 38 70 58
e 38 71 80
e 38 72 70
e 38 73 8
e 38 74 78
e 38 75 14
e 38 76 88
e 38 77 25
e 38 78 10
e 38 79 57
e 38 80 62
e 38 81 32
e 38 82 96
e 38 83 5
e 38 84 51
e 38 85 14
e 38 86 36
e 38 87 26
e 38 88 80
e 38 89 76
e 38 90 39
e 38 91 93
e 38 92 9
e 38 93 31
e 38 94 81
e 38 95 39
e 38 96 76
e 38 97 17
e 38 98 85
e 38 99 75
e 38 100 97
e 39 40 82
e 39 41 65
e 39 42 95
e 39 43 28
e 39 44 82
e 39 45 88
e 39 46 4
e 39 47 63
e 39 48 43
e 39 49 77
e 39 50 4
e 39 52 31
e 39 53 2
e 39 54 63
e 39 55 26
e 39 56 3
e 39 57 40
e 39 58 88
e 39 59 14
e 39 60 98
e 39 61 79
e 39 62 1
e 39 63 23
e 39 64 57
e 39 65 75
e 39 66 13
e 39 67 97
e 39 68 43
e 39 69 96
e 39 70 49
e 39 71 46
e 39 72 95
e 39 73 80
e 39 74 84
e 39 75 2
e 39 76 49
e 39 77 15
e 39 78 43
e 39 79 67
e 39 80 92
e 39 81 63
e 39 82 77
e 39 83 15
e 39 84 5
e 39 85 3
e 39 86 53
e 39 87 7
e 39 88 68
e 39 89 46
e 39 90 45
e 39 91 3
e 39 92 4
e 39 93 4
e 39 95 54
e 39 96 95
e 39 97 17
e 39 98 70
e 39 99 32
e 39 100 8
e 40 41 76
e 40 42 90
e 40 43 27
e 40 44 16
e 40 45 20
e 40 46 50
e 40 47 36
e 40 48 39
e 40 49 64
e 40 50 29
e 40 51 86
e 40 52 4
e 40 53 40
e 40 54 17
e 40 55 12
e 40 56 93
e 40 57 55
e 40 58 2
e 40 59 37
e 40 60 19
e 40 61 58
e 40 62 29
e 40 63 27
e 40 64 77
e 40 65 45
e 40 66 55
e 40 67 4
e 40 68 1
e 40 69 74
e 40 70 81
e 40 71 49
e 40 72 40
e 40 73 56
e 40 74 53
e 40 75 80
e 40 76 93
e 40 77 9
e 40 78 9
e 40 79 39
e 40 80 47
e 40 81 40
e 40 82 22
e 40 83 95
e 40 84 10
e 40 85 62
e 40 86 98
e 40 87 70
e 40 88 42
e 40 89 8
e 40 90 60
e 40 91 42
e 40 92 38
e 40 93 10
e 40 94 98
e 40 95 68
e 40 96 8
e 40 97 7
e 40 98 14
e 40 99 68
e 40 100 44
e 41 42 28
e 41 43 60
e 41 44 83
e 41 45 89
e 41 46 41
e 41 47 7
e 41 48 71
e 41 49 66
e 41 50 81
e 41 51 62
e 41 52 79
e 41 53 31
e 41 54 82
e 41 55 27
e 41 56 22
e 41 57 87
e 41 58 57
e 41 59 84
e 41 60 50
e 41 61 72
e 41 62 79
e 41 63 19
e 41 64 88
e 41 65 89
e 41 66 84
e 41 67 75
e 41 68 29
e 41 69 78
e 41 70 38
e 41 71 44
e 41 72 58
e 41 73 17
e 41 74 85
e 41 75 45
e 41 76 84
e 41 77 70
e 41 78 76
e 41 79 92
e 41 80 9
e 41 81 81
e 41 82 99
e 41 83 41
e 41 84 62
e 41 85 64
e 41 86 14
e 41 87 13
e 41 88 20
e 41 89 75
e 41 90 83
e 41 91 98
e 41 92 23
e 41 93 45
e 41 94 41
e 41 95 37
e 41 96 31
e 41 97 19
e 41 98 34
e 41 99 39
e 41 100 60
e 42 43 28
e 42 44 67
e 42 45 36
e 42 46 48
e 42 47 59
e 42 48 78
e 42 49 82
e 42 50 82
e 42 51 4
e 42 52 96
e 42 53 12
e 42 54 83
e 42 55 63
e 42 56 59
e 42 57 24
e 42 58 72
e 42 59 79
e 42 60 45
e 42 61 64
e 42 62 11
e 42 63 10
e 42 64 93
e 42 65 60
e 42 66 28
e 42 67 77
e 42 68 45
e 42 69 92
e 42 70 89
e 42 71 2
e 42 72 56
e 42 73 74
e 42 74 57
e 42 75 15
e 42 76 32
e 42 77 7
e 42 78 71
e 42 79 65
e 42 80 65
e 42 81 88
e 42 82 28
e 42 83 47
e 42 84 93
e 42 85 31
e 42 86 14
e 42 87 4
e 42 88 75
e 42 89 57
e 42 90 73
e 42 91 39
e 42 92 8
e 42 93 12
e 42 94 26
e 42 95 39
e 42 96 22
e 42 97 82
e 42 98 35
e 42 99 17
e 42 100 76
e 43 44 19
e 43 45 56
e 43 46 34
e 43 47 1
e 43 48 15
e 43 49 67
e 43 50 87
e 43 51 10
e 43 52 49
e 43 53 32
e 43 54 94
e 43 55 90
e 43 56 22
e 43 57 57
e 43 58 85
e 43 59 59
e 43 60 76
e 43 61 21
e 43 62 92
e 43 63 67
e 43 64 42
e 43 65 48
e 43 66 52
e 43 67 85
e 43 68 2
e 43 69 5
e 43 70 69
e 43 71 58
e 43 72 75
e 43 73 27
e 43 74 10
e 43 75 60
e 43 76 25
e 43 77 97
e 43 78 42
e 43 79 79
e 43 80 90
e 43 81 30
e 43 82 11
e 43 83 67
e 43 84 57
e 43 85 69
e 43 86 83
e 43 87 54
e 43 88 69
e 43 89 94
e 43 90 21
e 43 91 99
e 43 92 21
e 43 93 5
e 43 94 14
e 43 95 6
e 43 96 55
e 43 97 76
e 43 98 91
e 43 99 67
e 43 100 12
e 44 45 34
e 44 46 44
e 44 47 85
e 44 48 10
e 44 49 76
e 44 50 45
e 44 51 87
e 44 52 8
e 44 53 44
e 44 54 89
e 44 55 49
e 44 56 80
e 44 57 66
e 44 58 79
e 44 59 33
e 44 60 44
e 44 61 7
e 44 62 89
e 44 63 8
e 44 64 77
e 44 65 32
e 44 66 44
e 44 67 53
e 44 68 13
e 44 69 43
e 44 70 87
e 44 71 23
e 44 72 3
e 44 73 12
e 44 74 74
e 44 75 97
e 44 76 83
e 44 77 33
e 44 78 85
e 44 79 92
e 44 80 10
e 44 81 63
e 44 82 39
e 44 83 61
e 44 84 59
e 44 85 78
e 44 86 74
e 44 87 52
e 44 88 61
e 44 89 31
e 44 90 72
e 44 91 50
e 44 92 22
e 44 93 85
e 44 94 24
e 44 95 24
e 44 96 90
e 44 97 19
e 44 98 19
e 44 99 66
e 44 100 55
e 45 46 46
e 45 47 53
e 45 48 49
e 45 49 59
e 45 50 70
e 45 51 28
e 45 52 36
e 45 53 51
e 45 54 28
e 45 55 50
e 45 56 81
e 45 57 59
e 45 58 86
e 45 59 37
e 45 60 95
e 45 61 75
e 45 62 60
e 45 63 72
e 45 64 89
e 45 65 5
e 45 66 52
e 45 67 68
e 45 68 27
e 45 69 93
e 45 70 69
e 45 71 30
e 45 72 21
e 45 73 15
e 45 74 73
e 45 75 54
e 45 76 12
e 45 77 72
e 45 78 57
e 45 79 23
e 45 80 24
e 45 81 88
e 45 82 26
e 45 83 6
e 45 84 92
e 45 85 21
e 45 86 72
e 45 87 45
e 45 88 62
e 45 89 97
e 45 90 43
e 45 91 63
e 45 92 74
e 45 93 11
e 45 94 28
e 45 95 76
e 45 96 72
e 45 97 80
e 45 98 81
e 45 99 34
e 45 100 46
e 46 47 69
e 46 48 44
e 46 49 36
e 46 50 81
e 46 51 43
e 46 52 34
e 46 53 58
e 46 54 46
e 46 55 24
e 46 56 75
e 46 57 84
e 46 58 7
e 46 59 35
e 46 60 44
e 46 61 5
e 46 62 65
e 46 63 78
e 46 64 14
e 46 65 1
e 46 66 87
e 46 67 32
e 46 68 2
e 46 69 71
e 46 70 39
e 46 71 91
e 46 72 93
e 46 73 22
e 46 74 25
e 46 75 93
e 46 76 35
e 46 77 15
e 46 78 35
e 46 79 44
e 46 80 89
e 46 81 90
e 46 82 33
e 46 83 47
e 46 84 58
e 46 85 16
e 46 86 92
e 46 87 81
e 46 88 13
e 46 89 94
e 46 90 16
e 46 91 77
e 46 92 53
e 46 93 44
e 46 94 91
e 46 95 95
e 46 96 32
e 46 97 50
e 46 98 52
e 46 99 85
e 46 100 86
e 47 48 9
e 47 49 37
e 47 50 3
e 47 51 53
e 47 52 12
e 47 53 36
e 47 54 84
e 47 55 23
e 47 56 89
e 47 57 71
e 47 58 28
e 47 59 5
e 47 60 4
e 47 61 11
e 47 62 42
e 47 63 25
e 47 64 89
e 47 65 56
e 47 66 22
e 47 67 4
e 47 68 18
e 47 69 71
e 47 70 88
e 47 71 85
e 47 72 91
e 47 73 95
e 47 74 59
e 47 75 67
e 47 76 20
e 47 77 82
e 47 78 21
e 47 79 76
e 47 80 40
e 47 82 48
e 47 83 40
e 47 84 28
e 47 85 70
e 47 86 81
e 47 87 50
e 47 88 10
e 47 89 14
e 47 90 91
e 47 91 11
e 47 92 21
e 47 93 48
e 47 94 70
e 47 95 63
e 47 96 89
e 47 97 15
e 47 98 4
e 47 99 31
e 47 100 31
e 48 49 99
e 48 50 42
e 48 51 69
e 48 52 5
e 48 53 92
e 48 54 20
e 48 55 62
e 48 56 50
e 48 57 64
e 48 58 7
e 48 59 7
e 48 60 34
e 48 61 60
e 48 62 19
e 48 63 91
e 48 64 53
e 48 65 49
e 48 66 32
e 48 67 14
e 48 68 74
e 48 69 98
e 48 70 5
e 48 71 22
e 48 72 69
e 48 73 73
e 48 74 96
e 48 75 39
e 48 76 97
e 48 77 6
e 48 78 93
e 48 79 51
e 48 80 4
e 48 81 55
e 48 82 28
e 48 84 89
e 48 85 83
e 48 86 26
e 48 87 74
e 48 88 73
e 48 89 81
e 48 90 36
e 48 91 68
e 48 92 92
e 48 93 48
e 48 94 27
e 48 95 30
e 48 96 73
e 48 97 43
e 48 98 50
e 48 99 84
e 48 100 28
e 49 50 2
e 49 51 95
e 49 52 28
e 49 53 11
e 49 54 53
e 49 55 97
e 49 56 38
e 49 57 93
e 49 58 30
e 49 59 63
e 49 60 1
e 49 61 29
e 49 62 94
e 49 63 42
e 49 64 49
e 49 65 36
e 49 66 23
e 49 67 77
e 49 68 37
e 49 69 48
e 49 70 11
e 49 71 22
e 49 72 1
e 49 73 64
e 49 74 23
e 49 75 26
e 49 76 65
e 49 77 33
e 49 78 68
e 49 79 91
e 49 80 50
e 49 81 31
e 49 82 91
e 49 83 14
e 49 84 90
e 49 85 71
e 49 86 60
e 49 87 34
e 49 88 84
e 49 89 61
e 49 90 53
e 49 91 86
e 49 92 72
e 49 93 21
e 49 94 41
e 49 95 71
e 49 96 55
e 49 97 4
e 49 98 49
e 49 99 56
e 49 100 8
e 50 51 49
e 50 52 97
e 50 53 39
e 50 54 89
e 50 55 45
e 50 56 60
e 50 57 31
e 50 58 89
e 50 59 87
e 50 60 78
e 50 61 93
e 50 62 59
e 50 63 48
e 50 64 10
e 50 65 23
e 50 66 41
e 50 67 4
e 50 68 19
e 50 69 68
e 50 70 32
e 50 71 92
e 50 72 88
e 50 73 21
e 50 74 59
e 50 75 77
e 50 76 87
e 50 77 89
e 50 78 95
e 50 79 95
e 50 80 65
e 50 81 62
e 50 82 63
e 50 83 11
e 50 84 90
e 50 85 59
e 50 86 84
e 50 87 73
e 50 88 8
e 50 89 89
e 50 90 52
e 50 91 55
e 50 92 54
e 50 93 32
e 50 94 13
e 50 95 76
e 50 96 83
e 50 97 28
e 50 98 53
e 50 99 12
e 50 100 48
e 51 52 81
e 51 53 26
e 51 54 87
e 51 55 89
e 51 56 82
e 51 57 80
e 51 58 92
e 51 59 5
e 51 60 65
e 51 61 70
e 51 62 66
e 51 64 56
e 51 65 17
e 51 66 32
e 51 67 92
e 51 68 10
e 51 69 14
e 51 70 52
e 51 71 23
e 51 72 15
e 51 73 90
e 51 74 16
e 51 75 9
e 51 76 11
e 51 77 51
e 51 78 47
e 51 79 32
e 51 80 95
e 51 81 62
e 51 82 91
e 51 83 34
e 51 84 39
e 51 85 11
e 51 86 57
e 51 87 43
e 51 88 40
e 51 89 79
e 51 90 23
e 51 91 93
e 51 92 52
e 51 93 92
e 51 94 20
e 51 95 44
e 51 96 14
e 51 97 36
e 51 98 21
e 51 99 12
e 51 100 30
e 52 55 92
e 52 56 29
e 52 57 42
e 52 58 59
e 52 59 45
e 52 60 83
e 52 61 49
e 52 62 19
e 52 63 3
e 52 64 5
e 52 65 14
e 52 66 85
e 52 67 39
e 52 68 20
e 52 69 75
e 52 70 77
e 52 71 73
e 52 72 71
e 52 73 29
e 52 74 97
e 52 75 92
e 52 76 96
e 52 77 16
e 52 78 15
e 52 79 23
e 52 80 84
e 52 81 21
e 52 82 39
e 52 83 40
e 52 84 78
e 52 85 16
e 52 86 38
e 52 87 74
e 52 88 55
e 52 89 78
e 52 90 87
e 52 91 75
e 52 92 69
e 52 93 20
e 52 94 48
e 52 95 21
e 52 96 45
e 52 97 57
e 52 98 24
e 52 99 7
e 52 100 41
e 53 54 7
e 53 55 81
e 53 56 18
e 53 57 53
e 53 58 52
e 53 59 61
e 53 60 17
e 53 61 38
e 53 62 64
e 53 63 45
e 53 64 6
e 53 65 68
e 53 66 58
e 53 67 45
e 53 68 84
e 53 69 33
e 53 70 78
e 53 71 44
e 53 72 71
e 53 73 32
e 53 74 51
e 53 75 56
e 53 76 12
e 53 77 18
e 53 78 76
e 53 79 7
e 53 80 95
e 53 81 12
e 53 82 85
e 53 83 45
e 53 84 88
e 53 85 45
e 53 86 87
e 53 87 51
e 53 88 40
e 53 89 64
e 53 90 34
e 53 91 81
e 53 92 36
e 53 93 54
e 53 94 58
e 53 95 42
e 53 96 72
e 53 97 88
e 53 98 39
e 53 99 96
e 53 100 71
e 54 55 1
e 54 56 38
e 54 57 39
e 54 58 8
e 54 59 36
e 54 60 85
e 54 61 42
e 54 62 15
e 54 63 80
e 54 64 49
e 54 65 29
e 54 66 27
e 54 67 10
e 54 68 54
e 54 69 76
e 54 70 52
e 54 71 62
e 54 72 50
e 54 73 42
e 54 74 86
e 54 75 3
e 54 76 51
e 54 77 24
e 54 78 45
e 54 79 91
e 54 80 65
e 54 81 6
e 54 82 82
e 54 83 81
e 54 84 10
e 54 85 55
e 54 86 20
e 54 87 20
e 54 88 84
e 54 89 71
e 54 90 2
e 54 91 85
e 54 92 26
e 54 93 47
e 54 94 10
e 54 95 77
e 54 96 13
e 54 97 24
e 54 98 57
e 54 99 63
e 54 100 62
e 55 56 7
e 55 57 77
e 55 58 7
e 55 59 2
e 55 60 11
e 55 61 64
e 55 62 64
e 55 63 25
e 55 64 52
e 55 65 96
e 55 66 59
e 55 67 37
e 55 68 16
e 55 69 35
e 55 70 29
e 55 71 63
e 55 72 5
e 55 73 28
e 55 74 31
e 55 75 76
e 55 76 76
e 55 77 15
e 55 78 55
e 55 79 5
e 55 80 26
e 55 81 19
e 55 82 31
e 55 83 21
e 55 84 85
e 55 85 57
e 55 86 66
e 55 87 18
e 55 88 67
e 55 89 91
e 55 90 59
e 55 91 24
e 55 92 37
e 55 93 55
e 55 94 84
e 55 95 24
e 55 96 22
e 55 97 58
e 55 98 40
e 55 99 16
e 55 100 19
e 56 57 43
e 56 58 22
e 56 59 80
e 56 60 26
e 56 61 12
e 56 62 7
e 56 63 43
e 56 64 92
e 56 65 21
e 56 66 92
e 56 67 70
e 56 68 19
e 56 69 11
e 56 70 71
e 56 71 47
e 56 72 23
e 56 73 17
e 56 74 45
e 56 75 19
e 56 76 40
e 56 77 70
e 56 78 70
e 56 79 39
e 56 80 51
e 56 81 54
e 56 82 57
e 56 83 93
e 56 84 68
e 56 85 94
e 56 86 73
e 56 87 41
e 56 88 31
e 56 89 10
e 56 90 7
e 56 91 44
e 56 92 95
e 56 93 11
e 56 94 21
e 56 95 68
e 56 96 57
e 56 97 68
e 56 98 8
e 56 99 11
e 56 100 96
e 57 58 9
e 57 59 90
e 57 60 49
e 57 61 67
e 57 62 98
e 57 63 34
e 57 64 22
e 57 65 78
e 57 66 39
e 57 67 56
e 57 68 34
e 57 69 16
e 57 70 67
e 57 71 77
e 57 72 8
e 57 73 35
e 57 74 5
e 57 75 7
e 57 76 99
e 57 77 3
e 57 78 51
e 57 79 11
e 57 80 38
e 57 81 73
e 57 82 3
e 57 83 81
e 57 84 96
e 57 85 67
e 57 86 15
e 57 87 80
e 57 88 62
e 57 89 9
e 57 90 7
e 57 91 28
e 57 92 19
e 57 93 18
e 57 94 92
e 57 96 79
e 57 97 20
e 57 98 38
e 57 99 21
e 57 100 22
e 58 59 5
e 58 60 28
e 58 61 39
e 58 62 58
e 58 63 77
e 58 64 48
e 58 65 64
e 58 66 77
e 58 67 27
e 58 68 22
e 58 69 33
e 58 70 65
e 58 71 92
e 58 72 47
e 58 73 65
e 58 74 66
e 58 75 29
e 58 76 11
e 58 77 45
e 58 78 16
e 58 79 80
e 58 80 23
e 58 81 33
e 58 82 77
e 58 83 49
e 58 84 55
e 58 85 69
e 58 86 50
e 58 87 37
e 58 88 51
e 58 89 81
e 58 90 98
e 58 91 13
e 58 92 49
e 58 93 13
e 58 94 45
e 58 95 76
e 58 96 40
e 58 97 52
e 58 98 57
e 58 99 91
e 58 100 36
e 59 60 44
e 59 61 45
e 59 62 48
e 59 63 2
e 59 64 45
e 59 65 73
e 59 66 88
e 59 67 55
e 59 68 94
e 59 69 89
e 59 70 4
e 59 71 92
e 59 72 26
e 59 73 76
e 59 74 21
e 59 75 45
e 59 76 68
e 59 77 19
e 59 78 64
e 59 79 6
e 59 80 42
e 59 81 64
e 59 82 99
e 59 83 47
e 59 84 8
e 59 85 2
e 59 86 79
e 59 87 43
e 59 88 96
e 59 89 57
e 59 90 47
e 59 91 1
e 59 92 89
e 59 93 51
e 59 94 82
e 59 95 48
e 59 96 81
e 59 97 53
e 59 98 70
e 59 99 50
e 59 100 43
e 60 61 26
e 60 62 20
e 60 63 40
e 60 64 40
e 60 65 98
e 60 66 58
e 60 67 28
e 60 68 37
e 60 69 60
e 60 70 22
e 60 71 21
e 60 72 10
e 60 73 60
e 60 74 42
e 60 75 97
e 60 76 55
e 60 77 87
e 60 78 67
e 60 79 8
e 60 80 20
e 60 81 20
e 60 82 76
e 60 83 69
e 60 84 79
e 60 85 87
e 60 86 3
e 60 87 25
e 60 88 80
e 60 89 70
e 60 90 54
e 60 91 24
e 60 92 87
e 60 93 7
e 60 95 33
e 60 96 68
e 60 97 10
e 60 98 40
e 60 99 74
e 60 100 25
e 61 62 23
e 61 63 86
e 61 64 34
e 61 65 87
e 61 66 85
e 61 67 99
e 61 68 83
e 61 69 59
e 61 70 88
e 61 71 45
e 61 72 27
e 61 73 76
e 61 74 55
e 61 75 84
e 61 76 83
e 61 77 37
e 61 78 73
e 61 79 37
e 61 80 38
e 61 81 24
e 61 82 76
e 61 83 60
e 61 84 13
e 61 85 44
e 61 86 76
e 61 87 25
e 61 88 11
e 61 89 46
e 61 90 53
e 61 91 80
e 61 92 14
e 61 93 2
e 61 94 20
e 61 95 12
e 61 96 49
e 61 97 65
e 61 98 89
e 61 99 91
e 61 100 94
e 62 63 46
e 62 64 34
e 62 65 87
e 62 66 6
e 62 67 58
e 62 68 64
e 62 69 62
e 62 70 15
e 62 71 57
e 62 72 60
e 62 73 7
e 62 74 97
e 62 75 63
e 62 76 34
e 62 77 39
e 62 78 3
e 62 79 74
e 62 80 50
e 62 81 92
e 62 82 71
e 62 83 54
e 62 84 14
e 62 85 92
e 62 86 70
e 62 87 47
e 62 88 52
e 62 89 54
e 62 90 76
e 62 91 90
e 62 92 34
e 62 93 31
e 62 94 87
e 62 95 54
e 62 96 64
e 62 97 97
e 62 98 5
e 62 99 77
e 62 100 94
e 63 64 51
e 63 65 65
e 63 66 53
e 63 67 94
e 63 68 73
e 63 69 55
e 63 70 48
e 63 71 8
e 63 72 4
e 63 73 65
e 63 74 19
e 63 75 18
e 63 76 39
e 63 77 67
e 63 78 5
e 63 79 80
e 63 80 80
e 63 81 85
e 63 82 15
e 63 83 29
e 63 84 73
e 63 85 37
e 63 86 73
e 63 87 10
e 63 88 74
e 63 89 3
e 63 90 72
e 63 91 13
e 63 92 17
e 63 93 76
e 63 94 52
e 63 95 86
e 63 96 32
e 63 97 6
e 63 98 33
e 63 99 55
e 63 100 21
e 64 65 27
e 64 66 68
e 64 67 1
e 64 68 64
e 64 69 15
e 64 70 94
e 64 71 93
e 64 72 88
e 64 73 95
e 64 74 50
e 64 75 30
e 64 76 85
e 64 77 97
e 64 78 85
e 64 79 42
e 64 80 73
e 64 81 68
e 64 82 37
e 64 83 19
e 64 84 79
e 64 85 83
e 64 86 35
e 64 87 23
e 64 88 98
e 64 89 97
e 64 90 97
e 64 91 42
e 64 92 74
e 64 93 12
e 64 94 76
e 64 95 9
e 64 96 19
e 64 97 94
e 64 98 42
e 64 99 56
e 64 100 4
e 65 66 90
e 65 67 77
e 65 68 89
e 65 69 78
e 65 70 44
e 65 71 98
e 65 72 49
e 65 73 22
e 65 74 28
e 65 75 58
e 65 76 23
e 65 77 64
e 65 78 58
e 65 79 95
e 65 80 14
e 65 81 15
e 65 82 89
e 65 83 76
e 65 84 10
e 65 85 30
e 65 86 85
e 65 87 34
e 65 88 25
e 65 89 96
e 65 90 36
e 65 91 76
e 65 92 46
e 65 93 89
e 65 94 32
e 65 95 93
e 65 96 56
e 65 97 94
e 65 98 59
e 65 99 24
e 65 100 2
e 66 67 55
e 66 68 24
e 66 69 7
e 66 70 23
e 66 71 49
e 66 72 99
e 66 73 46
e 66 74 36
e 66 75 31
e 66 76 12
e 66 77 79
e 66 78 91
e 66 79 60
e 66 80 66
e 66 81 65
e 66 82 28
e 66 83 67
e 66 84 11
e 66 85 78
e 66 86 90
e 66 87 59
e 66 88 92
e 66 89 91
e 66 90 10
e 66 91 22
e 66 92 55
e 66 93 60
e 66 94 64
e 66 95 45
e 66 96 17
e 66 97 95
e 66 98 30
e 66 99 97
e 66 100 70
e 67 68 66
e 67 69 92
e 67 70 53
e 67 71 82
e 67 72 32
e 67 73 78
e 67 74 36
e 67 75 32
e 67 76 60
e 67 77 97
e 67 78 76
e 67 79 99
e 67 80 83
e 67 81 99
e 67 82 48
e 67 83 22
e 67 84 4
e 67 85 61
e 67 86 41
e 67 87 32
e 67 88 20
e 67 89 38
e 67 90 41
e 67 91 28
e 67 92 40
e 67 93 83
e 67 94 63
e 67 95 4
e 67 96 99
e 67 97 29
e 67 98 40
e 67 99 11
e 67 100 88
e 68 69 95
e 68 70 11
e 68 71 86
e 68 72 50
e 68 73 89
e 68 74 49
e 68 75 10
e 68 76 98
e 68 77 64
e 68 78 29
e 68 79 9
e 68 80 69
e 68 81 46
e 68 82 13
e 68 83 8
e 68 85 57
e 68 86 34
e 68 87 97
e 68 88 93
e 68 89 46
e 68 90 9
e 68 91 72
e 68 92 48
e 68 93 61
e 68 94 84
e 68 95 7
e 68 96 54
e 68 97 49
e 68 98 94
e 68 99 43
e 68 100 12
e 69 70 33
e 69 71 91
e 69 72 82
e 69 73 76
e 69 74 44
e 69 75 62
e 69 76 8
e 69 77 54
e 69 78 72
e 69 79 30
e 69 80 61
e 69 81 15
e 69 82 76
e 69 83 95
e 69 84 52
e 69 85 41
e 69 86 69
e 69 87 82
e 69 88 65
e 69 89 45
e 69 90 46
e 69 91 7
e 69 92 54
e 69 93 83
e 69 94 33
e 69 95 49
e 69 96 52
e 69 97 66
e 69 98 61
e 69 99 21
e 69 100 18
e 70 71 32
e 70 72 1
e 70 73 39
e 70 74 7
e 70 75 12
e 70 76 69
e 70 77 85
e 70 78 76
e 70 79 39
e 70 80 13
e 70 81 29
e 70 82 56
e 70 83 13
e 70 84 77
e 70 85 17
e 70 86 84
e 70 87 32
e 70 88 21
e 70 89 6
e 70 90 94
e 70 91 36
e 70 92 97
e 70 93 73
e 70 94 77
e 70 95 85
e 70 96 68
e 70 97 58
e 70 98 54
e 70 99 42
e 70 100 17
e 71 72 23
e 71 73 87
e 71 74 84
e 71 75 55
e 71 76 15
e 71 77 51
e 71 78 10
e 71 79 58
e 71 80 68
e 71 81 47
e 71 82 96
e 71 83 9
e 71 84 69
e 71 85 38
e 71 86 11
e 71 87 16
e 71 88 18
e 71 89 66
e 71 90 47
e 71 91 33
e 71 92 17
e 71 93 89
e 71 94 23
e 71 95 73
e 71 96 26
e 71 97 82
e 71 98 18
e 71 99 84
e 71 100 10
e 72 73 56
e 72 74 57
e 72 75 65
e 72 76 12
e 72 77 29
e 72 78 69
e 72 79 95
e 72 80 97
e 72 81 26
e 72 82 13
e 72 83 57
e 72 84 60
e 72 85 74
e 72 86 29
e 72 87 60
e 72 88 37
e 72 89 24
e 72 90 84
e 72 91 44
e 72 92 88
e 72 93 45
e 72 94 43
e 72 95 58
e 72 96 76
e 72 97 7
e 72 98 87
e 72 99 49
e 72 100 94
e 73 74 1
e 73 75 75
e 73 76 20
e 73 77 14
e 73 78 40
e 73 79 13
e 73 80 88
e 73 81 56
e 73 82 52
e 73 83 13
e 73 84 49
e 73 85 62
e 73 86 97
e 73 87 96
e 73 88 28
e 73 89 80
e 73 90 29
e 73 91 56
e 73 92 92
e 73 93 37
e 73 94 16
e 73 95 36
e 73 96 42
e 73 97 62
e 73 98 46
e 73 99 17
e 73 100 83
e 74 75 77
e 74 76 73
e 74 77 26
e 74 78 39
e 74 79 24
e 74 80 83
e 74 81 99
e 74 82 55
e 74 83 77
e 74 84 37
e 74 85 7
e 74 86 84
e 74 87 33
e 74 88 41
e 74 89 45
e 74 90 20
e 74 91 7
e 74 92 24
e 74 93 86
e 74 94 74
e 74 95 98
e 74 96 27
e 74 97 28
e 74 98 84
e 74 99 89
e 74 100 80
e 75 76 78
e 75 77 84
e 75 78 37
e 75 79 32
e 75 80 66
e 75 81 35
e 75 82 62
e 75 83 56
e 75 84 29
e 75 85 19
e 75 86 63
e 75 87 86
e 75 88 56
e 75 89 12
e 75 90 52
e 75 91 92
e 75 92 52
e 75 93 14
e 75 94 81
e 75 95 4
e 75 96 37
e 75 98 11
e 75 99 96
e 75 100 59
e 76 77 74
e 76 78 25
e 76 79 34
e 76 80 55
e 76 81 33
e 76 82 7
e 76 83 8
e 76 84 28
e 76 85 30
e 76 86 46
e 76 87 79
e 76 88 12
e 76 89 90
e 76 90 67
e 76 91 29
e 76 92 62
e 76 93 15
e 76 94 37
e 76 95 82
e 76 96 99
e 76 97 2
e 76 98 10
e 76 99 72
e 76 100 20
e 77 78 34
e 77 79 97
e 77 80 66
e 77 81 14
e 77 82 29
e 77 83 24
e 77 84 21
e 77 85 85
e 77 86 80
e 77 87 54
e 77 88 98
e 77 89 64
e 77 90 26
e 77 92 28
e 77 93 60
e 77 94 55
e 77 95 98
e 77 96 64
e 77 97 15
e 77 98 18
e 77 99 36
e 77 100 45
e 78 79 5
e 78 80 22
e 78 81 57
e 78 82 14
e 78 83 17
e 78 85 86
e 78 86 16
e 78 87 97
e 78 88 93
e 78 89 44
e 78 90 29
e 78 91 33
e 78 92 50
e 78 93 24
e 78 94 71
e 78 95 36
e 78 96 6
e 78 97 67
e 78 98 1
e 78 99 74
e 78 100 77
e 79 80 37
e 79 81 2
e 79 82 50
e 79 83 85
e 79 84 71
e 79 85 97
e 79 86 17
e 79 87 75
e 79 88 94
e 79 89 32
e 79 90 64
e 79 91 93
e 79 92 11
e 79 93 49
e 79 94 82
e 79 95 44
e 79 96 41
e 79 97 69
e 79 98 65
e 79 99 14
e 79 100 95
e 80 81 24
e 80 82 33
e 80 83 37
e 80 84 75
e 80 85 76
e 80 86 79
e 80 87 34
e 80 88 18
e 80 89 58
e 80 90 32
e 80 91 49
e 80 92 41
e 80 93 19
e 80 94 25
e 80 95 71
e 80 96 32
e 80 97 22
e 80 98 1
e 80 99 25
e 80 100 86
e 81 82 33
e 81 83 7
e 81 84 66
e 81 85 65
e 81 86 14
e 81 87 22
e 81 88 36
e 81 89 94
e 81 90 3
e 81 91 82
e 81 92 15
e 81 93 44
e 81 94 44
e 81 95 30
e 81 96 19
e 81 97 24
e 81 98 94
e 81 99 12
e 81 100 72
e 82 83 22
e 82 84 77
e 82 85 43
e 82 86 78
e 82 87 5
e 82 88 3
e 82 89 90
e 82 90 20
e 82 91 44
e 82 92 88
e 82 93 66
e 82 94 39
e 82 95 62
e 82 96 85
e 82 97 87
e 82 98 70
e 82 99 17
e 82 100 57
e 83 84 67
e 83 85 8
e 83 86 16
e 83 88 86
e 83 89 96
e 83 90 40
e 83 91 81
e 83 92 60
e 83 93 60
e 83 94 19
e 83 95 4
e 83 96 37
e 83 97 17
e 83 98 6
e 83 99 18
e 83 100 80
e 84 85 8
e 84 86 17
e 84 87 46
e 84 88 47
e 84 89 95
e 84 90 21
e 84 91 44
e 84 92 45
e 84 93 36
e 84 94 54
e 84 95 66
e 84 96 30
e 84 97 28
e 84 98 35
e 84 99 6
e 84 100 60
e 85 86 60
e 85 87 93
e 85 88 75
e 85 89 94
e 85 90 94
e 85 91 65
e 85 92 40
e 85 93 53
e 85 94 4
e 85 95 6
e 85 96 42
e 85 97 9
e 85 98 42
e 85 99 66
e 85 100 71
e 86 87 70
e 86 88 80
e 86 89 73
e 86 90 86
e 86 91 76
e 86 92 70
e 86 93 4
e 86 94 49
e 86 95 31
e 86 96 82
e 86 97 87
e 86 98 26
e 86 99 7
e 86 100 52
e 87 88 93
e 87 89 61
e 87 90 64
e 87 91 48
e 87 92 84
e 87 93 66
e 87 94 64
e 87 95 18
e 87 96 6
e 87 97 47
e 87 98 27
e 87 99 26
e 87 100 75
e 88 89 66
e 88 90 13
e 88 91 53
e 88 92 53
e 88 93 63
e 88 95 77
e 88 96 14
e 88 97 49
e 88 98 96
e 88 99 46
e 88 100 27
e 89 90 24
e 89 91 24
e 89 92 20
e 89 93 54
e 89 94 68
e 89 95 75
e 89 96 58
e 89 97 98
e 89 98 52
e 89 99 48
e 89 100 31
e 90 91 32
e 90 92 9
e 90 93 81
e 90 94 41
e 90 95 97
e 90 96 80
e 90 97 13
e 90 98 3
e 90 100 73
e 91 92 52
e 91 93 16
e 91 94 12
e 91 95 67
e 91 96 94
e 91 97 77
e 91 98 49
e 91 99 38
e 91 100 55
e 92 93 55
e 92 94 38
e 92 95 2
e 92 96 78
e 92 97 11
e 92 98 29
e 92 99 4
e 92 100 97
e 93 94 70
e 93 95 40
e 93 96 76
e 93 97 39
e 93 98 30
e 93 99 15
e 93 100 76
e 94 95 63
e 94 96 36
e 94 97 29
e 94 98 14
e 94 99 61
e 94 100 85
e 95 96 17
e 95 97 72
e 95 98 13
e 95 99 86
e 95 100 28
e 96 97 11
e 96 98 97
e 96 99 34
e 96 100 71
e 97 98 45
e 97 99 11
e 97 100 33
e 98 99 13
e 98 100 86
e 99 100 40
