p edge 20 187
e 1 2 51
e 1 3 17
e 1 4 49
e 1 5 3
e 1 6 89
e 1 7 48
e 1 8 27
e 1 9 27
e 1 10 3
e 1 11 47
e 1 12 86
e 1 13 90
e 1 14 42
e 1 15 9
e 1 16 61
e 1 17 19
e 1 18 16
e 1 19 89
e 1 20 51
e 2 3 66
e 2 4 34
e 2 5 44
e 2 6 44
e 2 7 96
e 2 8 22
e 2 9 60
e 2 10 71
e 2 11 38
e 2 12 49
e 2 13 31
e 2 14 60
e 2 15 25
e 2 16 76
e 2 17 1
e 2 18 83
e 2 19 98
e 2 20 39
e 3 4 98
e 3 5 93
e 3 6 10
e 3 7 52
e 3 8 11
e 3 9 23
e 3 10 1
e 3 11 48
e 3 12 11
e 3 13 51
e 3 14 76
e 3 15 41
e 3 16 61
e 3 17 8
e 3 18 8
e 3 19 75
e 3 20 69
e 4 5 72
e 4 6 50
e 4 7 62
e 4 8 77
e 4 9 33
e 4 10 70
e 4 11 2
e 4 12 62
e 4 13 21
e 4 14 69
e 4 15 97
e 4 16 19
e 4 17 68
e 4 18 11
e 4 19 98
e 4 20 96
e 5 6 42
e 5 7 19
e 5 8 62
e 5 9 25
e 5 10 48
e 5 11 26
e 5 12 11
e 5 13 66
e 5 14 89
e 5 15 67
e 5 16 8
e 5 17 29
e 5 18 62
e 5 19 38
e 5 20 42
e 6 7 35
e 6 8 91
e 6 9 78
e 6 10 13
e 6 11 60
e 6 12 63
e 6 13 48
e 6 14 52
e 6 15 29
e 6 16 9
e 6 17 22
e 6 18 79
e 6 19 1
e 6 20 29
e 7 8 25
e 7 9 84
e 7 10 34
e 7 11 49
e 7 12 63
e 7 13 40
e 7 14 87
e 7 15 86
e 7 16 7
e 7 17 69
e 7 18 29
e 7 19 74
e 7 20 57
e 8 9 75
e 8 10 37
e 8 11 46
e 8 12 9
e 8 13 37
e 8 14 70
e 8 15 66
e 8 16 98
e 8 17 48
e 8 18 70
e 8 19 65
e 8 20 4
e 9 10 59
e 9 11 5
e 9 12 39
e 9 13 76
e 9 14 2
e 9 16 64
e 9 17 97
e 9 18 31
e 9 19 70
e 9 20 54
e 10 11 62
e 10 12 68
e 10 14 53
e 10 15 36
e 10 16 81
e 10 17 6
e 10 18 61
e 10 19 37
e 10 20 46
e 11 12 31
e 11 13 41
e 11 14 30
e 11 15 9
e 11 16 84
e 11 17 25
e 11 18 31
e 11 19 49
e 11 20 97
e 12 13 87
e 12 14 99
e 12 15 23
e 12 16 19
e 12 17 14
e 12 18 67
e 12 19 80
e 12 20 98
e 13 14 64
e 13 15 58
e 13 16 66
e 13 17 87
e 13 18 71
e 13 19 3
e 13 20 49
e 14 15 5
e 14 16 84
e 14 17 36
e 14 18 37
e 14 19 38
e 14 20 54
e 15 16 63
e 15 17 91
e 15 18 25
e 15 19 67
e 15 20 44
e 16 17 5
e 16 18 7
e 16 19 45
e 16 20 39
e 17 18 46
e 17 19 32
e 18 19 89
e 18 20 26
e 19 20 5
